{
 "cells": [
  {
   "cell_type": "code",
   "execution_count": 1,
   "metadata": {},
   "outputs": [],
   "source": [
    "import pandas as pd\n",
    "import pickle"
   ]
  },
  {
   "cell_type": "code",
   "execution_count": 3,
   "metadata": {},
   "outputs": [],
   "source": [
    "Rsize_dict = pd.read_pickle('D:/Thesis_data/Rsize_dict.pickle')\n",
    "Rbtm_dict = pd.read_pickle('D:/Thesis_data/Rbtm_dict.pickle')"
   ]
  },
  {
   "cell_type": "code",
   "execution_count": 56,
   "metadata": {},
   "outputs": [
    {
     "data": {
      "text/html": [
       "<div>\n",
       "<style scoped>\n",
       "    .dataframe tbody tr th:only-of-type {\n",
       "        vertical-align: middle;\n",
       "    }\n",
       "\n",
       "    .dataframe tbody tr th {\n",
       "        vertical-align: top;\n",
       "    }\n",
       "\n",
       "    .dataframe thead th {\n",
       "        text-align: right;\n",
       "    }\n",
       "</style>\n",
       "<table border=\"1\" class=\"dataframe\">\n",
       "  <thead>\n",
       "    <tr style=\"text-align: right;\">\n",
       "      <th></th>\n",
       "      <th>Date</th>\n",
       "      <th>Rm-Rf</th>\n",
       "      <th>SMB</th>\n",
       "      <th>HML</th>\n",
       "      <th>RF</th>\n",
       "      <th>year</th>\n",
       "      <th>month</th>\n",
       "    </tr>\n",
       "  </thead>\n",
       "  <tbody>\n",
       "    <tr>\n",
       "      <th>0</th>\n",
       "      <td>20060731</td>\n",
       "      <td>-0.0078</td>\n",
       "      <td>-0.0407</td>\n",
       "      <td>0.0294</td>\n",
       "      <td>0.0040</td>\n",
       "      <td>2006</td>\n",
       "      <td>7</td>\n",
       "    </tr>\n",
       "    <tr>\n",
       "      <th>1</th>\n",
       "      <td>20060831</td>\n",
       "      <td>0.0203</td>\n",
       "      <td>0.0090</td>\n",
       "      <td>-0.0171</td>\n",
       "      <td>0.0042</td>\n",
       "      <td>2006</td>\n",
       "      <td>8</td>\n",
       "    </tr>\n",
       "    <tr>\n",
       "      <th>2</th>\n",
       "      <td>20060929</td>\n",
       "      <td>0.0184</td>\n",
       "      <td>-0.0137</td>\n",
       "      <td>0.0005</td>\n",
       "      <td>0.0041</td>\n",
       "      <td>2006</td>\n",
       "      <td>9</td>\n",
       "    </tr>\n",
       "    <tr>\n",
       "      <th>3</th>\n",
       "      <td>20061031</td>\n",
       "      <td>0.0323</td>\n",
       "      <td>0.0172</td>\n",
       "      <td>-0.0004</td>\n",
       "      <td>0.0041</td>\n",
       "      <td>2006</td>\n",
       "      <td>10</td>\n",
       "    </tr>\n",
       "    <tr>\n",
       "      <th>4</th>\n",
       "      <td>20061130</td>\n",
       "      <td>0.0171</td>\n",
       "      <td>0.0086</td>\n",
       "      <td>0.0007</td>\n",
       "      <td>0.0042</td>\n",
       "      <td>2006</td>\n",
       "      <td>11</td>\n",
       "    </tr>\n",
       "  </tbody>\n",
       "</table>\n",
       "</div>"
      ],
      "text/plain": [
       "       Date   Rm-Rf     SMB     HML      RF  year  month\n",
       "0  20060731 -0.0078 -0.0407  0.0294  0.0040  2006      7\n",
       "1  20060831  0.0203  0.0090 -0.0171  0.0042  2006      8\n",
       "2  20060929  0.0184 -0.0137  0.0005  0.0041  2006      9\n",
       "3  20061031  0.0323  0.0172 -0.0004  0.0041  2006     10\n",
       "4  20061130  0.0171  0.0086  0.0007  0.0042  2006     11"
      ]
     },
     "execution_count": 56,
     "metadata": {},
     "output_type": "execute_result"
    }
   ],
   "source": [
    "df = pd.read_excel('D:/Thesis_data/Factors_fama.xlsx')\n",
    "df.columns = ['Date', 'Rm-Rf', 'SMB', 'HML', 'RF']\n",
    "df['year'] = df['Date'].map(lambda x: int(str(x)[:4]))\n",
    "df['month'] = df['Date'].map(lambda x: int(str(x)[4:6]))\n",
    "df = df[df['year'] != 2005]\n",
    "df = df[df['year'] < 2019]\n",
    "df = df.iloc[6:,:].copy().reset_index(drop=True)\n",
    "df.head()"
   ]
  },
  {
   "cell_type": "code",
   "execution_count": 33,
   "metadata": {},
   "outputs": [],
   "source": [
    "result_list=[]\n",
    "for year, month_dict in Rsize_dict.items():    \n",
    "    for month, Rsize in month_dict.items():\n",
    "        row={}\n",
    "        row['year_test'] = year\n",
    "        row['month_test'] = month\n",
    "        row['SMB_test'] = Rsize\n",
    "        result_list.append(row)\n",
    "test_df = pd.DataFrame(result_list)\n",
    "result_list=[]\n",
    "for year, month_dict in Rbtm_dict.items():    \n",
    "    for month, Rbtm in month_dict.items():\n",
    "        row={}\n",
    "        row['year_test2'] = year\n",
    "        row['month_test2'] = month\n",
    "        row['HML_test'] = Rbtm\n",
    "        result_list.append(row)\n",
    "test_df2 = pd.DataFrame(result_list)\n",
    "test_df = pd.concat([test_df2,test_df],axis = 1).drop(['year_test2','month_test2'], axis=1)"
   ]
  },
  {
   "cell_type": "code",
   "execution_count": 35,
   "metadata": {},
   "outputs": [
    {
     "data": {
      "text/html": [
       "<div>\n",
       "<style scoped>\n",
       "    .dataframe tbody tr th:only-of-type {\n",
       "        vertical-align: middle;\n",
       "    }\n",
       "\n",
       "    .dataframe tbody tr th {\n",
       "        vertical-align: top;\n",
       "    }\n",
       "\n",
       "    .dataframe thead th {\n",
       "        text-align: right;\n",
       "    }\n",
       "</style>\n",
       "<table border=\"1\" class=\"dataframe\">\n",
       "  <thead>\n",
       "    <tr style=\"text-align: right;\">\n",
       "      <th></th>\n",
       "      <th>HML_test</th>\n",
       "      <th>SMB_test</th>\n",
       "      <th>month_test</th>\n",
       "      <th>year_test</th>\n",
       "    </tr>\n",
       "  </thead>\n",
       "  <tbody>\n",
       "    <tr>\n",
       "      <th>0</th>\n",
       "      <td>-0.002842</td>\n",
       "      <td>-0.045132</td>\n",
       "      <td>7</td>\n",
       "      <td>2006</td>\n",
       "    </tr>\n",
       "    <tr>\n",
       "      <th>1</th>\n",
       "      <td>-0.007377</td>\n",
       "      <td>-0.010455</td>\n",
       "      <td>8</td>\n",
       "      <td>2006</td>\n",
       "    </tr>\n",
       "    <tr>\n",
       "      <th>2</th>\n",
       "      <td>-0.002742</td>\n",
       "      <td>-0.017231</td>\n",
       "      <td>9</td>\n",
       "      <td>2006</td>\n",
       "    </tr>\n",
       "    <tr>\n",
       "      <th>3</th>\n",
       "      <td>-0.017316</td>\n",
       "      <td>0.016358</td>\n",
       "      <td>10</td>\n",
       "      <td>2006</td>\n",
       "    </tr>\n",
       "    <tr>\n",
       "      <th>4</th>\n",
       "      <td>-0.014158</td>\n",
       "      <td>0.018360</td>\n",
       "      <td>11</td>\n",
       "      <td>2006</td>\n",
       "    </tr>\n",
       "  </tbody>\n",
       "</table>\n",
       "</div>"
      ],
      "text/plain": [
       "   HML_test  SMB_test  month_test  year_test\n",
       "0 -0.002842 -0.045132           7       2006\n",
       "1 -0.007377 -0.010455           8       2006\n",
       "2 -0.002742 -0.017231           9       2006\n",
       "3 -0.017316  0.016358          10       2006\n",
       "4 -0.014158  0.018360          11       2006"
      ]
     },
     "execution_count": 35,
     "metadata": {},
     "output_type": "execute_result"
    }
   ],
   "source": [
    "test_df.head()"
   ]
  },
  {
   "cell_type": "code",
   "execution_count": 59,
   "metadata": {},
   "outputs": [],
   "source": [
    "final_df = pd.concat([df,test_df], axis=1)"
   ]
  },
  {
   "cell_type": "code",
   "execution_count": 60,
   "metadata": {},
   "outputs": [
    {
     "data": {
      "text/html": [
       "<div>\n",
       "<style scoped>\n",
       "    .dataframe tbody tr th:only-of-type {\n",
       "        vertical-align: middle;\n",
       "    }\n",
       "\n",
       "    .dataframe tbody tr th {\n",
       "        vertical-align: top;\n",
       "    }\n",
       "\n",
       "    .dataframe thead th {\n",
       "        text-align: right;\n",
       "    }\n",
       "</style>\n",
       "<table border=\"1\" class=\"dataframe\">\n",
       "  <thead>\n",
       "    <tr style=\"text-align: right;\">\n",
       "      <th></th>\n",
       "      <th>Date</th>\n",
       "      <th>Rm-Rf</th>\n",
       "      <th>SMB</th>\n",
       "      <th>HML</th>\n",
       "      <th>RF</th>\n",
       "      <th>year</th>\n",
       "      <th>month</th>\n",
       "      <th>HML_test</th>\n",
       "      <th>SMB_test</th>\n",
       "      <th>month_test</th>\n",
       "      <th>year_test</th>\n",
       "    </tr>\n",
       "  </thead>\n",
       "  <tbody>\n",
       "    <tr>\n",
       "      <th>Date</th>\n",
       "      <td>1.000000</td>\n",
       "      <td>0.062479</td>\n",
       "      <td>-0.038392</td>\n",
       "      <td>-0.004992</td>\n",
       "      <td>-0.455683</td>\n",
       "      <td>0.999954</td>\n",
       "      <td>-0.050529</td>\n",
       "      <td>0.015336</td>\n",
       "      <td>-0.016095</td>\n",
       "      <td>-0.050529</td>\n",
       "      <td>0.999954</td>\n",
       "    </tr>\n",
       "    <tr>\n",
       "      <th>Rm-Rf</th>\n",
       "      <td>0.062479</td>\n",
       "      <td>1.000000</td>\n",
       "      <td>0.337384</td>\n",
       "      <td>0.273346</td>\n",
       "      <td>-0.093288</td>\n",
       "      <td>0.062570</td>\n",
       "      <td>-0.013054</td>\n",
       "      <td>0.406601</td>\n",
       "      <td>0.529410</td>\n",
       "      <td>-0.013054</td>\n",
       "      <td>0.062570</td>\n",
       "    </tr>\n",
       "    <tr>\n",
       "      <th>SMB</th>\n",
       "      <td>-0.038392</td>\n",
       "      <td>0.337384</td>\n",
       "      <td>1.000000</td>\n",
       "      <td>0.135965</td>\n",
       "      <td>-0.094108</td>\n",
       "      <td>-0.038213</td>\n",
       "      <td>-0.016498</td>\n",
       "      <td>0.237602</td>\n",
       "      <td>0.663868</td>\n",
       "      <td>-0.016498</td>\n",
       "      <td>-0.038213</td>\n",
       "    </tr>\n",
       "    <tr>\n",
       "      <th>HML</th>\n",
       "      <td>-0.004992</td>\n",
       "      <td>0.273346</td>\n",
       "      <td>0.135965</td>\n",
       "      <td>1.000000</td>\n",
       "      <td>-0.029725</td>\n",
       "      <td>-0.006090</td>\n",
       "      <td>0.114905</td>\n",
       "      <td>0.716748</td>\n",
       "      <td>0.253809</td>\n",
       "      <td>0.114905</td>\n",
       "      <td>-0.006090</td>\n",
       "    </tr>\n",
       "    <tr>\n",
       "      <th>RF</th>\n",
       "      <td>-0.455683</td>\n",
       "      <td>-0.093288</td>\n",
       "      <td>-0.094108</td>\n",
       "      <td>-0.029725</td>\n",
       "      <td>1.000000</td>\n",
       "      <td>-0.456055</td>\n",
       "      <td>0.064018</td>\n",
       "      <td>-0.042256</td>\n",
       "      <td>-0.122625</td>\n",
       "      <td>0.064018</td>\n",
       "      <td>-0.456055</td>\n",
       "    </tr>\n",
       "    <tr>\n",
       "      <th>year</th>\n",
       "      <td>0.999954</td>\n",
       "      <td>0.062570</td>\n",
       "      <td>-0.038213</td>\n",
       "      <td>-0.006090</td>\n",
       "      <td>-0.456055</td>\n",
       "      <td>1.000000</td>\n",
       "      <td>-0.060054</td>\n",
       "      <td>0.015678</td>\n",
       "      <td>-0.014501</td>\n",
       "      <td>-0.060054</td>\n",
       "      <td>1.000000</td>\n",
       "    </tr>\n",
       "    <tr>\n",
       "      <th>month</th>\n",
       "      <td>-0.050529</td>\n",
       "      <td>-0.013054</td>\n",
       "      <td>-0.016498</td>\n",
       "      <td>0.114905</td>\n",
       "      <td>0.064018</td>\n",
       "      <td>-0.060054</td>\n",
       "      <td>1.000000</td>\n",
       "      <td>-0.036886</td>\n",
       "      <td>-0.166253</td>\n",
       "      <td>1.000000</td>\n",
       "      <td>-0.060054</td>\n",
       "    </tr>\n",
       "    <tr>\n",
       "      <th>HML_test</th>\n",
       "      <td>0.015336</td>\n",
       "      <td>0.406601</td>\n",
       "      <td>0.237602</td>\n",
       "      <td>0.716748</td>\n",
       "      <td>-0.042256</td>\n",
       "      <td>0.015678</td>\n",
       "      <td>-0.036886</td>\n",
       "      <td>1.000000</td>\n",
       "      <td>0.499493</td>\n",
       "      <td>-0.036886</td>\n",
       "      <td>0.015678</td>\n",
       "    </tr>\n",
       "    <tr>\n",
       "      <th>SMB_test</th>\n",
       "      <td>-0.016095</td>\n",
       "      <td>0.529410</td>\n",
       "      <td>0.663868</td>\n",
       "      <td>0.253809</td>\n",
       "      <td>-0.122625</td>\n",
       "      <td>-0.014501</td>\n",
       "      <td>-0.166253</td>\n",
       "      <td>0.499493</td>\n",
       "      <td>1.000000</td>\n",
       "      <td>-0.166253</td>\n",
       "      <td>-0.014501</td>\n",
       "    </tr>\n",
       "    <tr>\n",
       "      <th>month_test</th>\n",
       "      <td>-0.050529</td>\n",
       "      <td>-0.013054</td>\n",
       "      <td>-0.016498</td>\n",
       "      <td>0.114905</td>\n",
       "      <td>0.064018</td>\n",
       "      <td>-0.060054</td>\n",
       "      <td>1.000000</td>\n",
       "      <td>-0.036886</td>\n",
       "      <td>-0.166253</td>\n",
       "      <td>1.000000</td>\n",
       "      <td>-0.060054</td>\n",
       "    </tr>\n",
       "    <tr>\n",
       "      <th>year_test</th>\n",
       "      <td>0.999954</td>\n",
       "      <td>0.062570</td>\n",
       "      <td>-0.038213</td>\n",
       "      <td>-0.006090</td>\n",
       "      <td>-0.456055</td>\n",
       "      <td>1.000000</td>\n",
       "      <td>-0.060054</td>\n",
       "      <td>0.015678</td>\n",
       "      <td>-0.014501</td>\n",
       "      <td>-0.060054</td>\n",
       "      <td>1.000000</td>\n",
       "    </tr>\n",
       "  </tbody>\n",
       "</table>\n",
       "</div>"
      ],
      "text/plain": [
       "                Date     Rm-Rf       SMB       HML        RF      year  \\\n",
       "Date        1.000000  0.062479 -0.038392 -0.004992 -0.455683  0.999954   \n",
       "Rm-Rf       0.062479  1.000000  0.337384  0.273346 -0.093288  0.062570   \n",
       "SMB        -0.038392  0.337384  1.000000  0.135965 -0.094108 -0.038213   \n",
       "HML        -0.004992  0.273346  0.135965  1.000000 -0.029725 -0.006090   \n",
       "RF         -0.455683 -0.093288 -0.094108 -0.029725  1.000000 -0.456055   \n",
       "year        0.999954  0.062570 -0.038213 -0.006090 -0.456055  1.000000   \n",
       "month      -0.050529 -0.013054 -0.016498  0.114905  0.064018 -0.060054   \n",
       "HML_test    0.015336  0.406601  0.237602  0.716748 -0.042256  0.015678   \n",
       "SMB_test   -0.016095  0.529410  0.663868  0.253809 -0.122625 -0.014501   \n",
       "month_test -0.050529 -0.013054 -0.016498  0.114905  0.064018 -0.060054   \n",
       "year_test   0.999954  0.062570 -0.038213 -0.006090 -0.456055  1.000000   \n",
       "\n",
       "               month  HML_test  SMB_test  month_test  year_test  \n",
       "Date       -0.050529  0.015336 -0.016095   -0.050529   0.999954  \n",
       "Rm-Rf      -0.013054  0.406601  0.529410   -0.013054   0.062570  \n",
       "SMB        -0.016498  0.237602  0.663868   -0.016498  -0.038213  \n",
       "HML         0.114905  0.716748  0.253809    0.114905  -0.006090  \n",
       "RF          0.064018 -0.042256 -0.122625    0.064018  -0.456055  \n",
       "year       -0.060054  0.015678 -0.014501   -0.060054   1.000000  \n",
       "month       1.000000 -0.036886 -0.166253    1.000000  -0.060054  \n",
       "HML_test   -0.036886  1.000000  0.499493   -0.036886   0.015678  \n",
       "SMB_test   -0.166253  0.499493  1.000000   -0.166253  -0.014501  \n",
       "month_test  1.000000 -0.036886 -0.166253    1.000000  -0.060054  \n",
       "year_test  -0.060054  0.015678 -0.014501   -0.060054   1.000000  "
      ]
     },
     "execution_count": 60,
     "metadata": {},
     "output_type": "execute_result"
    }
   ],
   "source": [
    "final_df.corr()"
   ]
  },
  {
   "cell_type": "code",
   "execution_count": 15,
   "metadata": {},
   "outputs": [],
   "source": [
    "def build_dict(df, dict_type):\n",
    "    result_dict = {}\n",
    "    for year in range(2005,2020,1):\n",
    "        result_dict[year] = {}\n",
    "    for _, row in df.iterrows():\n",
    "        result_dict[row['year']][row['month']] = row[dict_type]\n",
    "    return result_dict"
   ]
  },
  {
   "cell_type": "code",
   "execution_count": 68,
   "metadata": {},
   "outputs": [],
   "source": [
    "hml_dict = build_dict(df,'HML')\n",
    "smb_dict = build_dict(df,'SMB')"
   ]
  },
  {
   "cell_type": "code",
   "execution_count": 70,
   "metadata": {},
   "outputs": [],
   "source": [
    "with open('D:/Thesis_data/hml_dict_fama.pickle', 'wb') as f:\n",
    "    pickle.dump(hml_dict, f)\n",
    "with open('D:/Thesis_data/smb_dict_fama.pickle', 'wb') as f:\n",
    "    pickle.dump(smb_dict, f)"
   ]
  },
  {
   "cell_type": "code",
   "execution_count": 5,
   "metadata": {},
   "outputs": [],
   "source": [
    "rmrf_df = pd.read_excel('D:/Thesis_data/RmRf_fama.xlsx')\n",
    "rmrf_df.columns = ['date', 'rmrf', 'rf']\n",
    "rmrf_df['year'] = rmrf_df['date'].map(lambda x: int(str(x)[:4]))\n",
    "rmrf_df['month'] = rmrf_df['date'].map(lambda x: int(str(x)[4:6]))"
   ]
  },
  {
   "cell_type": "code",
   "execution_count": 16,
   "metadata": {},
   "outputs": [],
   "source": [
    "rmrf_dict = build_dict(rmrf_df, 'rmrf')\n",
    "rf_dict = build_dict(rmrf_df, 'rf')"
   ]
  },
  {
   "cell_type": "code",
   "execution_count": 12,
   "metadata": {},
   "outputs": [
    {
     "data": {
      "text/plain": [
       "numpy.int64"
      ]
     },
     "execution_count": 12,
     "metadata": {},
     "output_type": "execute_result"
    }
   ],
   "source": [
    "type(rmrf_df.loc[0,'month'])"
   ]
  },
  {
   "cell_type": "code",
   "execution_count": 18,
   "metadata": {},
   "outputs": [],
   "source": [
    "with open('D:/Thesis_data/rmrf_dict_fama.pickle', 'wb') as f:\n",
    "    pickle.dump(rmrf_dict, f)\n",
    "with open('D:/Thesis_data/rf_dict_fama.pickle', 'wb') as f:\n",
    "    pickle.dump(rf_dict, f)"
   ]
  },
  {
   "cell_type": "code",
   "execution_count": null,
   "metadata": {},
   "outputs": [],
   "source": []
  }
 ],
 "metadata": {
  "kernelspec": {
   "display_name": "Python 3",
   "language": "python",
   "name": "python3"
  },
  "language_info": {
   "codemirror_mode": {
    "name": "ipython",
    "version": 3
   },
   "file_extension": ".py",
   "mimetype": "text/x-python",
   "name": "python",
   "nbconvert_exporter": "python",
   "pygments_lexer": "ipython3",
   "version": "3.7.3"
  }
 },
 "nbformat": 4,
 "nbformat_minor": 2
}
